1.0 0.0 0.0  0.0 1.0 0.0  0.0 0.0 1.0
3.524522e-02 9.993787e-01 3.623791e-05 -6.755542e-01 2.385158e-02 -7.369244e-01 -7.364674e-01 2.594858e-02 6.759751e-01
9.998398e-01 1.336068e-02 1.190968e-02 -1.432389e-02 9.962912e-01 8.484440e-02 -1.073193e-02 -8.500140e-02 9.963230e-01
8.377697e-01 5.245018e-01 -1.517887e-01 5.339316e-01 -8.451062e-01 2.669494e-02 -1.142761e-01 -1.034090e-01 -9.880524e-01
8.669465e-01 -2.287571e-02 4.978760e-01 -4.269292e-01 4.813566e-01 7.655242e-01 -2.571678e-01 -8.762263e-01 4.075441e-01
-4.461656e-01 8.122405e-01 3.757681e-01 -7.936511e-01 -5.531364e-01 2.532944e-01 4.135870e-01 -1.852175e-01 8.914260e-01
-5.181869e-01 2.626832e-01 8.139287e-01 -7.411172e-01 -6.129075e-01 -2.740249e-01 4.268813e-01 -7.452127e-01 5.122797e-01
2.350431e-01 9.471428e-01 2.183465e-01 -9.719785e-01 2.282149e-01 5.635405e-02 3.545421e-03 -2.254737e-01 9.742428e-01
-9.981247e-01 -5.616863e-02 -2.433396e-02 5.639050e-02 -9.983724e-01 -8.528996e-03 -2.381529e-02 -9.885206e-03 9.996675e-01
-2.616448e-01 6.392634e-01 7.231074e-01 6.258491e-01 6.827189e-01 -3.771045e-01 -7.347482e-01 3.538887e-01 -5.787123e-01
-1.112844e-01 9.934980e-01 -2.403233e-02 -9.937886e-01 -1.112578e-01 2.445276e-03 -2.444070e-04 2.415517e-02 9.997082e-01
-9.283408e-01 -3.715976e-01 -9.929005e-03 3.577453e-01 -8.858394e-01 -2.954772e-01 1.010031e-01 -2.778556e-01 9.552982e-01
9.957376e-01 6.278189e-02 -6.756480e-02 -5.349236e-02 9.898773e-01 1.314592e-01 7.513412e-02 -1.272846e-01 9.890164e-01
-6.175806e-01 -7.783414e-01 1.130439e-01 7.780636e-01 -6.256113e-01 -5.681109e-02 1.149400e-01 5.286992e-02 9.919645e-01
-7.068759e-01 7.072696e-01 -9.803598e-03 7.072718e-01 7.065533e-01 -2.343040e-02 -9.644845e-03 -2.349619e-02 -9.996774e-01
5.845294e-01 -3.125346e-01 -7.487639e-01 -7.648308e-01 9.581620e-02 -6.370660e-01 2.708489e-01 9.450616e-01 -1.830287e-01
-7.498675e-01 -6.614354e-01 -1.420892e-02 -6.230748e-01 7.132732e-01 -3.209659e-01 2.224330e-01 -2.318287e-01 -9.469842e-01
-7.545280e-01 -5.264909e-01 -3.917842e-01 -4.647759e-01 8.501685e-01 -2.473800e-01 4.633259e-01 -4.563255e-03 -8.861762e-01
-9.683005e-01 6.996090e-04 2.497872e-01 1.666477e-01 7.467245e-01 6.439185e-01 -1.860717e-01 6.651331e-01 -7.231703e-01
4.879835e-01 -6.980005e-01 -5.240873e-01 -8.682749e-01 -3.267678e-01 -3.732580e-01 8.927943e-02 6.371955e-01 -7.655136e-01
4.792411e-01 8.772678e-01 -2.700349e-02 6.344062e-01 -3.675015e-01 -6.800525e-01 -6.065120e-01 3.087779e-01 -7.326659e-01
-7.970089e-01 3.158842e-01 5.147758e-01 -5.951867e-01 -5.555975e-01 -5.805723e-01 1.026145e-01 -7.691090e-01 6.308262e-01
-9.964647e-01 -3.690336e-02 7.547348e-02 3.837115e-02 -9.990998e-01 1.809053e-02 7.473794e-02 2.092257e-02 9.969837e-01
6.540285e-01 -7.315863e-01 -1.924271e-01 6.009475e-01 6.569789e-01 -4.552371e-01 4.594657e-01 1.820995e-01 8.693279e-01
4.334014e-01 8.401166e-01 -3.261400e-01 -8.394208e-01 5.080132e-01 1.931199e-01 3.279267e-01 1.900703e-01 9.253850e-01
2.065456e-01 -9.763143e-01 6.441474e-02 6.723447e-01 1.894513e-01 7.155843e-01 -7.108386e-01 -1.044919e-01 6.955501e-01
6.518400e-01 6.506317e-01 -3.895934e-01 -7.385586e-01 6.612661e-01 -1.313711e-01 1.721507e-01 3.733705e-01 9.115693e-01
-1.019469e-01 9.926259e-01 -6.557986e-02 9.687146e-01 8.406403e-02 -2.335065e-01 -2.262717e-01 -8.733344e-02 -9.701412e-01
6.249308e-02 -9.972820e-01 3.902807e-02 9.792340e-01 5.371178e-02 -1.954888e-01 1.928612e-01 5.043431e-02 9.799290e-01
-7.594894e-01 -5.148513e-01 3.976229e-01 -6.177198e-01 7.624276e-01 -1.926821e-01 -2.039560e-01 -3.919596e-01 -8.970895e-01
3.947652e-01 -8.674884e-01 3.026952e-01 -8.602727e-01 -4.646784e-01 -2.097732e-01 3.226318e-01 -1.775893e-01 -9.297154e-01
